# Analysis group     1 (Ref.: Mol.      1 / Res.      1-   260):
         0   1.000000       0.000000    
         1  0.7889136      0.7889136    
         2  0.5568548       1.575023    
         3  0.4993041       2.594460    
         4  0.3959798       3.167839    
         5  0.2052688       2.294975    
         6  0.6512562E-01  0.9571473    
         7 -0.6202991E-02 -0.1148810    
         8 -0.1515140      -3.428371    
         9 -0.2951939      -7.970235    
        10 -0.3377920      -10.68192    
        11 -0.3352269      -12.23004    
        12 -0.3635270      -15.11153    
        13 -0.3977179      -18.64190    
        14 -0.3682235      -19.28873    
        15 -0.3093926      -17.97409    
        16 -0.2696175      -17.25552    
        17 -0.2236025      -15.67292    
        18 -0.1648605      -12.58999    
        19 -0.1080455      -8.948228    
        20 -0.4358731E-01  -3.898567    
        21  0.2504504E-01   2.410186    
        22  0.7748255E-01   7.995358    
        23  0.1116651       12.31712    
        24  0.1561281       18.35684    
        25  0.1946161       24.32702    
        26  0.2161608       28.65741    
        27  0.2296617       32.22064    
        28  0.2390719       35.42139    
        29  0.2245404       35.06643    
        30  0.1917088       31.50096    
        31  0.1644906       28.39118    
        32  0.1326919       24.01980    
        33  0.8284929E-01   15.70579    
        34  0.2070888E-01   4.105584    
        35 -0.2925573E-01  -6.057773    
        36 -0.7754911E-01  -16.75061    
        37 -0.1291803      -29.07361    
        38 -0.1505641      -35.26930    
        39 -0.1662423      -40.48912    
        40 -0.1931463      -48.86257    
        41 -0.2080869      -54.62865    
        42 -0.2016429      -54.88541    
        43 -0.1838964      -51.85324    
        44 -0.1730222      -50.49878    
        45 -0.1616603      -48.80026    
        46 -0.1236267      -38.56995    
        47 -0.6243273E-01  -20.11681    
        48 -0.2110239E-02 -0.7017678    
        49  0.4085337E-01   14.01271    
        50  0.8290539E-01   29.31148    
        51  0.1207628       43.98335    
        52  0.1327251       49.76890    
        53  0.1337387       51.60251    
        54  0.1390624       55.18239    
        55  0.1250218       50.99526    
        56  0.9417114E-01   39.46389    
        57  0.7289910E-01   31.37144    
        58  0.6757703E-01   29.84978    
        59  0.5023159E-01   22.76433    
        60  0.2323693E-02   1.079955    
        61 -0.4277252E-01  -20.37791    
        62 -0.6804187E-01  -33.21726    
        63 -0.1125203      -56.26542    
        64 -0.1628052      -83.35626    
        65 -0.1787927      -93.69572    
        66 -0.1726282      -92.56090    
        67 -0.1854044      -101.6792    
        68 -0.1942721      -108.9366    
        69 -0.1628528      -93.34024    
        70 -0.1220003      -71.45092    
        71 -0.9511317E-01  -56.90209    
        72 -0.5172943E-01  -31.60359    
        73  0.7909624E-02   4.933329    
        74  0.4605809E-01   29.31929    
        75  0.7014074E-01   45.55775    
        76  0.1062720       70.41081    
        77  0.1432023       96.75781    
        78  0.1346456       92.75430    
        79  0.1115983       78.36071    
        80  0.1150007       82.28781    
        81  0.9370332E-01   68.30972    
        82  0.4046331E-01   30.04569    
        83 -0.2572804E-02  -1.945467    
        84 -0.2597126E-01  -19.99457    
        85 -0.7619276E-01  -59.70931    
        86 -0.1387209      -110.6342    
        87 -0.1421809      -115.3772    
        88 -0.1389288      -114.6876    
        89 -0.1724996      -144.8349    
        90 -0.1803517      -153.9870    
        91 -0.1363543      -118.3671    
        92 -0.1023739      -90.33808    
        93 -0.9834563E-01  -88.20222    
        94 -0.6083276E-01  -55.44077    
        95 -0.2218737E-01  -20.54430    
        96 -0.3960658E-02  -3.725411    
        97  0.4192270E-01   40.05040    
        98  0.9530206E-01   92.45734    
        99  0.1127436       111.0567    
       100  0.1054953       105.4953    
       101  0.1172586       119.0219    
       102  0.1400549       144.2774    
       103  0.1529881       159.9239    
       104  0.1615293       171.3173    
       105  0.1709379       183.9172    
       106  0.1512932       165.1119    
       107  0.1167416       129.2115    
       108  0.1114719       125.1126    
       109  0.1113444       126.7092    
       110  0.9572135E-01   110.4327    
       111  0.6900764E-01   80.70151    
       112  0.6038979E-01   71.57981    
       113  0.2705307E-01   32.49632    
       114 -0.5004718E-01  -60.91678    
       115 -0.9799981E-01  -120.8571    
       116 -0.1127251      -140.8341    
       117 -0.1410459      -178.5005    
       118 -0.1922207      -246.3901    
       119 -0.2392652      -310.5990    
       120 -0.2579638      -339.1022    
       121 -0.2805228      -373.3759    
       122 -0.2985924      -402.3634    
       123 -0.2829391      -385.9674    
       124 -0.2024032      -279.4794    
       125 -0.1107834      -154.8245    
       126 -0.8048130E-01  -113.8284    
       127 -0.1828159E-01  -26.16492    
       128  0.1238288       179.3233    
       129  0.2473134       362.3533    
       130  0.2910442       431.3938    
       131  0.3668999       550.1163    
       132  0.5020248       761.3529    
       133  0.5247779       804.9205    
       134  0.4556645       706.8095    
       135  0.4420593       693.3958    
       136  0.4658775       738.8906    
       137  0.3672293       588.8683    
       138  0.2076344       336.6029    
       139  0.1551608       254.2754    
       140  0.1009032       167.1464    
       141 -0.3485336E-01  -58.35435    
       142 -0.1389232      -235.0754    
       143 -0.1698798      -290.4997    
       144 -0.2161810      -373.5608    
       145 -0.2729215      -476.5295    
       146 -0.2725224      -480.7635    
       147 -0.2312299      -412.1165    
       148 -0.2052929      -369.6293    
       149 -0.2015483      -366.5714    
       150 -0.1511274      -277.6387    
       151 -0.7483917E-01  -138.8655    
       152 -0.4199865E-01  -78.70471    
       153 -0.1704379E-01  -32.25546    
       154  0.4523953E-01   86.45680    
       155  0.8804369E-01   169.9009    
       156  0.1157963       225.6221    
       157  0.1581670       311.1467    
       158  0.1689095       335.4592    
       159  0.1297585       260.1546    
       160  0.1316806       266.5028    
       161  0.1515833       309.6636    
       162  0.1310070       270.1265    
       163  0.1103026       229.5447    
       164  0.9990293E-01   209.8186    
       165  0.8091914E-01   171.5051    
       166  0.4685365E-01   100.2087    
       167  0.2816650E-01   60.78657    
       168 -0.3163419E-02  -6.888437    
       169 -0.8683941E-01  -190.7862    
       170 -0.1610886      -357.0575    
       171 -0.1974592      -441.5416    
       172 -0.2182463      -492.3111    
       173 -0.2765864      -629.3613    
       174 -0.3140016      -720.7021    
       175 -0.2918015      -675.5299    
       176 -0.2651215      -619.0332    
       177 -0.2392583      -563.4130    
       178 -0.1512597      -359.2140    
       179 -0.2385817E-01  -57.13690    
       180  0.3813415E-01   92.09220    
       181  0.7560539E-01   184.1071    
       182  0.1788123       439.0405    
       183  0.2751642       681.1905    
       184  0.2975031       742.5372    
       185  0.2944989       741.0393    
       186  0.2821070       715.6213    
       187  0.2372126       606.5969    
       188  0.2054839       529.6813    
       189  0.2163892       562.2486    
       190  0.1796770       470.5685    
       191  0.8067784E-01   212.9631    
       192 -0.1777153E-01  -47.27990    
       193 -0.9568559E-01  -256.5562    
       194 -0.1507403      -407.3166    
       195 -0.2058708      -560.5918    
       196 -0.2702974      -741.6961    
       197 -0.3679255      -1017.324    
       198 -0.4455603      -1241.379    
       199 -0.4667511      -1310.282    
       200 -0.4561438      -1290.169    
       201 -0.4148048      -1182.056    
       202 -0.3701269      -1062.619    
       203 -0.3288570      -951.1547    
       204 -0.2262265      -659.1567    
       205 -0.1018064      -298.8174    
       206 -0.1197343E-01  -35.40131    
       207  0.5546666E-01   165.1914    
       208  0.1462169       438.6243    
       209  0.2465933       745.0762    
       210  0.2791310       849.4485    
       211  0.2965074       908.7808    
       212  0.3069840       947.5880    
       213  0.2950339       917.1520    
       214  0.2637746       825.7595    
       215  0.1997865       629.8307    
       216  0.1524908       484.0881    
       217  0.9908411E-01   316.7332    
       218 -0.3168710E-02  -10.19923    
       219 -0.1166166      -377.9431    
       220 -0.1815824      -592.5264    
       221 -0.2296577      -754.5178    
       222 -0.3117959      -1031.335    
       223 -0.3539780      -1178.782    
       224 -0.3389162      -1136.225    
       225 -0.3440479      -1161.162    
       226 -0.3112373      -1057.437    
       227 -0.2112419      -722.4684    
       228 -0.1071756      -368.9759    
       229 -0.2649109E-01  -91.80220    
       230  0.5926397E-01   206.7200    
       231  0.1836504       644.7775    
       232  0.2789531       985.7418    
       233  0.3368836       1198.157    
       234  0.4015120       1437.217    
       235  0.4285659       1543.901    
       236  0.4070209       1475.655    
       237  0.4029492       1470.188    
       238  0.4075166       1496.273    
       239  0.3589197       1326.155    
       240  0.2955756       1098.969    
       241  0.2610918       976.8296    
       242  0.2855870       1075.131    
       243  0.2965035       1123.154    
       244  0.2858766       1089.590    
       245  0.2843571       1090.469    
       246  0.2343138       904.0667    
       247  0.2106855       817.8620    
       248  0.1926146       752.2577    
       249  0.1238956       486.8047    
       250  0.4338589E-01   171.4978    
       251 -0.7354405E-01  -292.4544    
       252 -0.1868374      -747.4199    
       253 -0.2708182      -1089.830    
       254 -0.3200818      -1295.721    
       255 -0.3461638      -1409.587    
       256 -0.3889414      -1593.104    
       257 -0.3976180      -1638.195    
       258 -0.2446917      -1014.025    
       259 -0.2016199      -840.3943    
# Analysis group     2 (Ref.: Mol.      4 / Res.    781-   904):
         0   1.000000       0.000000    
         1  0.8003691      0.8003691    
         2  0.6260862       1.770839    
         3  0.5552077       2.884944    
         4  0.4138754       3.311003    
         5  0.3321036       3.713031    
         6  0.2890409       4.248017    
         7  0.2320875       4.298320    
         8  0.1564176       3.539326    
         9  0.1115554       3.011994    
        10  0.7741664E-01   2.448129    
        11  0.3624846E-01   1.322448    
        12  0.1036179E-01  0.4307315    
        13 -0.3551346E-03 -0.1664593E-01
        14 -0.1522891E-01 -0.7977389    
        15 -0.2465215E-01  -1.432160    
        16 -0.6298853E-02 -0.4031266    
        17 -0.7138769E-02 -0.5003763    
        18 -0.1029333E-01 -0.7860761    
        19 -0.1271182E-01  -1.052781    
        20 -0.3058293E-01  -2.735421    
        21 -0.5129252E-01  -4.936089    
        22 -0.5458356E-01  -5.632431    
        23 -0.4999674E-01  -5.514847    
        24 -0.3732472E-01  -4.388473    
        25  0.1115486E-01   1.394357    
        26  0.4711219E-01   6.245875    
        27  0.7514213E-01   10.54215    
        28  0.1219993       18.07566    
        29  0.1492217       23.30393    
        30  0.1422377       23.37204    
        31  0.1391499       24.01737    
        32  0.1286404       23.28639    
        33  0.1176524       22.30343    
        34  0.1461445       28.97349    
        35  0.1693536       35.06684    
        36  0.1921214       41.49822    
        37  0.1954082       43.97900    
        38  0.1581074       37.03630    
        39  0.1216112       29.61901    
        40  0.8657779E-01   21.90264    
        41  0.5909703E-01   15.51463    
        42  0.1860005E-01   5.062768    
        43 -0.1005959E-01  -2.836502    
        44 -0.2752522E-01  -8.033592    
        45 -0.2973686E-01  -8.976641    
        46 -0.2843824E-01  -8.872366    
        47 -0.4635778E-01  -14.93721    
        48 -0.4034885E-01  -13.41816    
        49 -0.2705908E-01  -9.281264    
        50 -0.2886346E-01  -10.20478    
        51 -0.5555242E-01  -20.23290    
        52 -0.5822603E-01  -21.83344    
        53 -0.3560772E-01  -13.73909    
        54 -0.1424684E-01  -5.653392    
        55  0.3450438E-01   14.07402    
        56  0.9086525E-01   38.07850    
        57  0.1237814       53.26815    
        58  0.1375177       60.74360    
        59  0.2057485       93.24267    
        60  0.2690356       125.0364    
        61  0.2915228       138.8888    
        62  0.3477763       169.7804    
        63  0.3825745       191.3052    
        64  0.3618154       185.2495    
        65  0.3424539       179.4618    
        66  0.3436753       184.2741    
        67  0.3232132       177.2561    
        68  0.3137167       175.9142    
        69  0.2845360       163.0838    
        70  0.2253430       131.9749    
        71  0.1632739       97.67970    
        72  0.1265840       77.33527    
        73  0.1298151       80.96724    
        74  0.1159202       73.79157    
        75  0.1359827       88.32335    
        76  0.9841082E-01   65.20235    
        77  0.4159585E-01   28.10516    
        78  0.3385164E-01   23.31963    
        79 -0.1558838E-01  -10.94565    
        80 -0.2069280E-01  -14.80656    
        81  0.1136221E-01   8.283052    
        82  0.1187399E-01   8.816929    
        83 -0.4455743E-02  -3.369281    
        84 -0.1229956E-01  -9.469096    
        85 -0.2677310E-01  -20.98104    
        86 -0.4591291E-01  -36.61698    
        87 -0.6568502E-01  -53.30221    
        88 -0.7142484E-01  -58.96215    
        89 -0.5536228E-01  -46.48352    
        90 -0.8176193E-01  -69.80956    
        91 -0.8587385E-01  -74.54577    
        92 -0.8042600E-01  -70.97055    
        93 -0.7914128E-01  -70.97861    
        94 -0.8180816E-01  -74.55700    
        95 -0.1006211      -93.16964    
        96 -0.4810573E-01  -45.24844    
        97  0.2816867E-01   26.91063    
        98  0.9716895E-01   94.26850    
        99  0.9349456E-01   92.09566    
       100  0.8971006E-01   89.71006    
       101  0.1207628       122.5787    
       102  0.8637206E-01   88.97613    
       103  0.8247702E-01   86.21619    
       104  0.1363319       144.5931    
       105  0.5726942E-01   61.61788    
       106 -0.7957018E-01  -86.83786    
       107 -0.1872876      -207.2930    
       108 -0.2894356      -324.8536    
       109 -0.2809757      -319.7484    
       110 -0.2126344      -245.3141    
       111 -0.1336747      -156.3269    
       112 -0.6134358E-01  -72.71033    
       113 -0.4207872E-01  -50.54523    
       114 -0.3398199E-01  -41.36243    
       115 -0.2487850E-01  -30.68110    
       116 -0.8069332E-02  -10.08149    
       117  0.7844427E-01   99.27503    
       118  0.1503760       192.7531    
       119  0.2204741       286.2055    
       120  0.3133869       411.9578    
       121  0.3303882       439.7468    
       122  0.3590244       483.7976    
       123  0.3388969       462.3015    
