# Analysis group     1 (Ref.: Mol.      1 / Res.      1-   260):
         1   18.08276       162.6044       18.79090       117.9640       19.11502      -40.98106    
         2   12.14447       172.4321       8.880724       136.9739       15.20625       119.2058    
         3   12.58611       178.9654       18.91844      -17.37283       6.143972       177.9039    
         4   7.651704       170.9567       6.686033      -167.5618       33.84035       175.9298    
         5   13.33430       168.2152       34.36165      -132.9414       83.62279      -13.14503    
         6   38.59166       175.5463       96.22135       19.91586       95.70553      -44.86492    
         7   68.85969       122.6600       81.75562      -55.56182       101.2745      -51.02500    
         8   25.11101       175.3647       65.64277       83.31598       69.14823       93.95199    
         9   40.65577       141.5149       54.84776       121.9524       31.29719       149.2156    
        10   49.74632       130.9068       67.71335       110.5390       35.92910       142.9628    
        11   53.35307       127.4869       70.94708       108.1544       37.70692       141.6500    
        12   52.33456       128.2825       70.43669       108.2269       33.61125       145.5877    
        13   50.71796       130.0843       66.28535       112.1119       35.46593       143.5792    
        14   51.70758       128.8747       72.18407       106.3388       37.61553       141.6064    
        15   52.97051       127.5388       67.92295       110.8390       31.06125       147.7840    
        16   50.54086       130.2285       68.39900       110.1011       49.29627       130.2596    
        17   53.21411       127.7057       83.28569       94.64567       61.21031       123.4094    
        18   54.51173       127.8524       64.67056       115.7129       20.94678       159.6321    
        19   34.77373       145.6754       53.72213       122.5071       49.79534       134.3578    
        20   50.06946       130.1541       80.14581       97.67429       77.81963       102.7267    
        21   57.50183       125.2691       105.7243       70.80358       128.8850       21.83844    
        22   65.94940       123.2145       79.79279      -59.67598       57.54506      -114.9608    
        23   24.39028      -176.9457       77.75738       48.11416       78.82433       16.28867    
        24   67.22669       118.3015       64.81731       88.90891       66.94393       101.0469    
        25   9.087255      -172.5951       41.83269      -1.592555       23.69072      -116.6070    
        26   32.84895       154.7830       16.06005      -139.8186       14.40084       130.3649    
        27   20.65790       166.6061       19.05092      -102.5122       18.94853       87.12990    
        28   11.38349      -175.5273       6.706765      -149.0050       8.605167      -86.20386    
        29   4.682272       179.3868       13.23338      -83.40307       70.84810       34.10615    
        30   10.17969       173.9350       68.34441       43.98721       120.9877       31.55080    
        31   58.23301       131.7442       110.9972       46.60492       157.1684       22.71882    
        32   53.16156       129.1695       111.6446       44.07724       112.2893      -56.70442    
        33   60.20062      -172.7195       68.54035      -91.86875       73.07500      -82.58136    
        34   47.86840       109.4362       48.32533       29.39803       57.46167       37.52881    
        35   4.798010       177.4674       10.91333      -34.58693       11.39226       165.9727    
        36   9.167769       163.6247       7.412814       122.6484       9.751168      -136.6017    
        37   5.785594       173.0380       18.25455       62.99537       45.21095       65.21530    
        38   17.07855      -164.3082       44.79409       10.16646       44.26351      -102.7872    
        39   27.74726       152.7251       38.56713      -105.8644       44.61798      -139.8957    
        40   43.07434       156.7242       72.20887      -70.88999       107.8440      -44.54227    
        41   56.38994       156.6684       111.7326       34.86749       138.9732      -10.14506    
        42   55.74057       126.4393       87.15546      -34.62188       125.3979      -4.473355    
        43   33.43357      -151.7744       73.86645      -8.945655       101.5814       69.07297    
        44   40.43846       148.1075       84.44069       88.18765       91.61795       49.91092    
        45   65.55897       125.1291       65.45575      -57.28083       59.33925       138.7675    
        46   12.77253       160.5776       6.463699      -143.5836       9.581153       118.6814    
        47   12.38584       168.4725       7.109248      -92.87691       12.83428       106.8103    
        48   6.045375       170.5259       2.156466      -168.5287       10.21879      -66.72621    
        49   5.998854       174.9865       6.030175      -142.2640       7.668049       152.9858    
        50   8.952371       170.1660       5.011264       163.3820       25.21280       140.0429    
        51   12.77064       165.0920       30.55762      -42.13114       23.36991      -153.5209    
        52   20.31063      -171.8770       34.26901      -176.6721       76.18613       70.92389    
        53   44.43288       165.7905       87.18531       59.35425       79.61223       91.67530    
        54   43.12056       140.0399       62.31850       114.8375       32.64927       144.4796    
        55   54.49644       130.5158       69.65493       107.1408       101.4080       61.28032    
        56   56.26798       137.5076       87.26723      -18.05777       109.5674      -65.93779    
        57   35.37541       174.7263       105.7102       24.50665       108.4935      -1.737455    
        58   79.61899       92.77798       81.25325       50.92292       77.74283      -150.3810    
        59   3.951954      -178.8443       8.251202       179.9190       6.982295       133.6066    
        60   11.74969      -173.3826       7.205412      -147.8977       22.57520      -149.2736    
        61   11.82405       168.6527       33.23346      -60.26999       70.89370      -78.00919    
        62   22.00233      -165.1225       72.38768       96.48719       91.28749      -37.32635    
        63   68.96873       111.9448       101.3156      -26.94863       107.4194      -24.52317    
        64   44.23171       157.3285       47.41445      -16.07101       63.43777       30.72140    
        65   6.695988       179.5702       23.12006       2.865972       18.39698      -118.1747    
        66   17.29337       161.4166       13.30914      -121.8214       25.28091       85.78122    
        67   5.740304       178.6190       10.88735      -174.5937       19.35129      -49.35955    
        68   16.49332       179.1914       24.73029      -70.66248       59.46787       13.03517    
        69   8.682966      -174.3160       43.84071       5.092294       50.10701      -79.66961    
        70   35.16914       160.9561       43.82731      -88.36621       65.40945      -98.24299    
        71   29.11830      -166.2626       77.77323       70.70090       97.40875       70.08254    
        72   51.73956       129.0792       71.26010       107.5419       37.08596       142.3792    
        73   53.45847       127.0481       72.67899       106.4075       38.98197       140.4124    
        74   55.26793       125.5992       73.24101       106.0642       34.57699       145.4726    
        75   52.44168       128.5778       67.02943       111.8250       34.99268       144.5752    
        76   51.16944       129.4827       74.44826       104.2399       41.18473       138.1818    
        77   55.87215       125.1198       72.40498       106.9649       32.60453       147.2630    
        78   52.98579       128.1338       65.10546       113.7400       22.91500       155.1130    
        79   49.55325       132.1922       60.96491       117.0935       22.08852       155.5938    
        80   50.70607       132.7876       65.67019       111.8657       97.22547       65.48773    
        81   55.77969       132.0608       85.43506      -5.450453       62.43221      -109.3919    
        82   34.13290       168.1916       53.13508      -99.03288       90.52571      -46.29597    
        83   47.89459       172.9127       101.2273       40.74579       103.2027       63.88811    
        84   54.09353       128.8840       61.34514       120.0644       81.61574       86.50892    
        85   37.81083       146.2214       63.21303       49.93680       56.70928      -112.1882    
        86   26.78965       151.2046       23.61212      -112.5602       33.66997       31.28590    
        87   9.743914      -177.3896       9.925257      -135.4855       17.09680      -107.3117    
        88   10.69852       163.1169       10.96187      -120.3614       16.66749      -55.23005    
        89   9.836900       175.3990       12.64783      -32.62300       14.40602     -0.4174224    
        90   5.928645       175.4788       4.900346      -133.9088       21.35418      -160.4964    
        91   8.101233       168.5316       26.10297      -65.57276       39.61153      -142.8724    
        92   20.50572       178.4996       46.05040      -157.8091       93.92052       33.03390    
        93   48.83451       144.9448       95.79681       58.55040       137.2652      -28.07356    
        94   48.33265       135.2058       97.92369      -45.73714       106.8391       28.76790    
        95   65.23430      -125.6821       68.55344       115.7384       100.8950       72.90234    
        96   29.04689       165.8024       82.63263       48.53780       82.90527      -25.90513    
        97   66.63828       131.4709       71.43942      -79.08072       60.04370      -155.2078    
        98   26.60445       153.1591       22.25168      -100.7426       29.23654       36.87616    
        99   12.19638       179.2540       8.345550       175.3489       12.93226      -13.38625    
       100   8.483904       168.3612       2.340470      -128.7736       6.827705       148.8677    
       101   7.677799       167.9572       4.615628      -146.6162       9.151980      -112.8113    
       102   7.322861       174.0726       10.17068      -45.61776       31.61222       67.39359    
       103   6.997400      -179.3365       26.02389      -32.81249       26.56511      -154.2931    
       104   24.16793       165.4066       30.62440      -58.45813       64.40606      -81.32680    
       105   23.91060       170.0249       79.20194      -18.74361       152.3475       9.633448    
       106   56.93726      -140.0608       134.1032       18.93481       148.9365       6.486736    
       107   80.38081       148.8801       97.18022     -0.8279070       115.2635       18.57864    
       108   18.94218      -173.0786       42.64457       86.08153       49.77706      -30.21252    
       109   30.13668       153.6773       35.55654      -32.69414       36.42519       101.9056    
       110   14.62065       167.1489       11.34155       134.6998       13.75626       53.77250    
       111   7.719370       169.3160       4.912221       18.67972       7.909033       123.1297    
       112   3.462013       175.0281       4.990226       97.06612       22.22059       87.87909    
       113   4.430806       177.0686       19.99158       5.814263       11.51859      -141.1545    
       114   17.73737       155.8498       11.05188      -134.8152       27.63064       123.6775    
       115   10.07058       174.2916       25.01960      -153.3942       9.334294      -142.9290    
       116   30.52968      -178.4756       19.07772      -129.1488       27.17087       59.31553    
       117   19.52209       172.7376       6.383020      -161.7640       32.18386       109.6576    
       118   20.24756       146.8807       31.82731      -97.70236       31.88762      -42.33209    
       119   37.83992       137.5603       35.09915      -4.875802       59.31990       87.59523    
       120   5.761474       173.2534       48.81976       51.35151       41.33514      -84.47868    
       121   44.68392       174.1216       39.68707      -107.9413       44.22817      -78.50784    
       122   24.39615       179.5761       48.44305       29.83091       70.92405       17.14545    
       123   26.63070       161.3326       50.75793       24.25409       33.27205       166.1479    
       124   24.88876       174.8196       14.97798      -164.0151       26.55659       107.7020    
       125   20.38187       171.0938       27.28134      -58.25384       31.72225       48.20680    
       126   14.21340      -179.6750       16.39210       84.21077       33.22158      -43.72626    
       127   15.73628       164.8791       25.27347      -107.2081       16.51782       178.9794    
       128   21.21895      -179.0478       23.63314      -170.2332       24.07694      -84.08481    
       129   33.02666       167.5307       33.68305      -41.53570       63.70510       48.91547    
       130   5.843585       179.6394       39.12035       7.593655       35.38158      -73.97906    
       131   37.06587       146.0058       34.21938      -90.53600       27.37214       127.9511    
       132   15.98332      -177.3528       23.89217      -163.2630       75.28271       36.47887    
       133   33.64508      -176.2040       90.79682       22.40870       84.75901      -9.590772    
       134   69.36985       122.6077       64.20640      -155.7284       69.20334       97.92953    
       135   6.098761       169.8570       3.552432      -149.2096       7.728948       128.1366    
       136   8.336099       167.0673       2.179309      -177.8779       16.22248      -67.80385    
       137   10.23890       164.5843       21.92996       47.25431       69.54227       82.81868    
       138   14.76418      -168.2308       69.21777       49.63875       76.36312      -49.61467    
       139   56.98477       145.1111       61.68187      -83.57939       75.66360      -88.86339    
       140   36.83582      -176.2117       86.00815       60.18906       91.15950       78.90503    
       141   49.87759       132.0635       64.88641       113.6096       33.63635       145.4740    
       142   53.04905       127.6680       71.92092       106.7727       34.74247       144.6779    
       143   53.11618       127.5769       72.44454       106.6688       37.69738       141.6969    
       144   57.15505       124.5280       72.99235       106.9903       36.17088       143.7448    
       145   52.26934       128.4433       72.45021       106.0988       40.68321       138.8855    
       146   53.37727       127.1561       74.28633       104.4760       40.70820       138.8973    
       147   54.27836       125.8028       72.34694       106.6161       40.76068       138.7645    
       148   52.29744       128.2570       74.91480       103.7670       44.04713       135.6484    
       149   53.61925       126.9773       73.41825       105.1984       40.68304       138.9411    
       150   52.37621       127.9793       66.81164       111.6394       24.08140       154.9002    
       151   46.53840       134.7156       58.20582       119.6795       33.93983       146.9463    
       152   50.78927       130.3578       75.24043       103.0959       89.16316       90.85157    
       153   57.13663       125.8178       113.1092       56.29907       142.3343      -11.37633    
       154   62.61950       141.7747       85.48205      -57.81725       96.55959      -75.91557    
       155   40.75385       154.4819       100.2004       24.88216       90.81482      -24.23488    
       156   63.54892       130.7614       60.32197      -96.54866       49.64725       148.9522    
       157   16.47436       155.3961       13.93360      -118.7067       5.426314      -177.5048    
       158   19.08684       162.6770       14.24490      -100.4331       18.76839       53.04954    
       159   9.077144       176.6134       6.818537       140.4393       12.78152       63.37470    
       160   4.884695       173.7588       4.031810      -94.50381       25.08143      -24.03397    
       161   7.159155       172.1573       26.48489       21.05134       79.37008       56.38152    
       162   21.14025      -165.6213       76.84851       38.26523       120.7159       39.32414    
       163   57.53620       134.7391       104.5746       54.16366       152.5283       25.15661    
       164   48.84806       133.9662       107.3340       37.28592       101.3510      -71.37601    
       165   59.34446      -153.8846       64.29613      -102.3521       60.97684      -105.1519    
       166   48.44429       115.3675       46.66146      -51.38212       60.62021       35.13646    
       167   3.536795       179.7157       12.50666       91.39702       16.73350      -62.84505    
       168   15.17923       163.4685       19.27480      -28.05726       29.71317       47.31701    
       169   4.327381      -174.1183       14.56088       26.37130       4.161836      -175.5057    
       170   10.79093       163.8487       7.250902      -160.1185       21.71702      -42.36060    
       171   18.03377       145.9898       30.80923       46.75090       67.51456       84.36893    
       172   16.91850      -168.6657       66.15073       54.63802       114.7257       44.01718    
       173   52.60018       147.3402       103.6459       51.90230       161.6694       18.35484    
       174   51.47396       129.2292       119.4772       36.40476       114.5890      -45.53992    
       175   68.84636      -174.4884       69.04706      -92.65965       72.59643      -93.75392    
       176   36.36992       113.5525       41.65284       32.33884       54.53750       19.70471    
       177   11.74052      -167.6026       19.00004      -16.76015       4.860494       152.9114    
       178   13.07481       155.2445       8.568566      -169.0720       7.285787      -157.6664    
       179   20.65265       149.4600       19.31556      -68.35333       27.03525       83.03897    
       180   6.154936       177.9378       7.884480       130.8528       9.842179      -159.0440    
       181   13.71564       165.8983       7.382405      -140.9817       40.31879       137.0045    
       182   14.28044       170.0377       44.27278       161.5568       53.80614       4.535877    
       183   47.58988       150.5831       54.76950       26.67685       47.98155       35.85954    
       184   11.38926       177.5324       25.17789       33.59811       20.87762       162.4447    
       185   19.22257       163.2783       25.58201       176.6028       57.90644       98.25596    
       186   27.69485       163.7168       69.53916       99.38831       85.99220       18.98875    
       187   60.10005       129.8888       99.66022       23.49485       122.3655       11.40594    
       188   59.75436       171.5165       107.1796      -11.18076       104.5674      -12.19267    
       189   60.18826       163.9329       66.86144      -111.0360       78.07691      -28.98386    
       190   25.50460       162.7978       63.31333       78.04830       98.80906       67.14472    
       191   41.09998       158.6248       89.33700       69.72387       80.08358       79.42399    
       192   62.10314       120.3919       69.33648       89.74322       84.97148       72.44931    
       193   32.07329       155.8450       47.36938       31.96355       42.77359       163.9508    
       194   19.25486       160.2817       15.75965      -135.5271       20.51673       78.44202    
       195   4.717697       178.5827       4.412504      -169.3562       6.826279       151.6652    
       196   5.285586       172.3048       3.264884       179.7202       8.861095      -113.1188    
       197   8.295353       167.1331       13.69425       38.25447       32.05708       83.88925    
       198   7.671648      -173.8486       26.89616      -3.449822       92.00586      -13.04590    
       199   19.46383       170.9867       87.04950       40.75590       98.35772      -44.75684    
       200   74.78919       128.1068       98.50334      -55.70140       99.78488      -55.92254    
       201   42.89663       162.6771       39.04679      -33.58684       46.69221       9.256013    
       202   6.076208       170.9110       4.615373      -135.6142       15.88012      -52.38666    
       203   8.133566       167.2694       16.53095       54.22523       37.94122       57.74931    
       204   11.45049      -176.0618       32.93058       5.711063       33.36036      -24.84229    
       205   21.70270       156.6918       21.97857      -9.208770       55.53129       70.23137    
       206   2.467480       178.1261       42.90905       50.93778       38.22235      -84.81654    
       207   40.71581       161.5018       37.23311      -102.4989       58.57586      -107.5637    
       208   26.59780      -179.0190       72.68839       82.27864       83.81270       85.36402    
       209   46.19967       135.0101       68.08200       110.0253       41.53519       137.3698    
       210   55.72533       124.9475       73.04081       106.0645       34.72230       144.8322    
       211   50.98838       129.4076       68.72212       109.7441       32.41375       146.2667    
       212   52.98096       128.1828       69.34946       109.6496       33.83118       145.0305    
       213   54.39514       126.9771       70.94016       108.2739       35.49946       143.6869    
       214   52.48385       129.2782       67.32276       111.6204       24.76545       159.0564    
       215   48.56127       134.0478       47.16965       131.0723       10.43729       173.8141    
       216   43.43277       138.6728       58.99586       117.6664       32.45882       139.7273    
       217   53.06052       132.2790       46.66777       141.4748       22.93191      -150.2895    
       218   27.63059       154.7620       41.63899       136.6029       37.51676       141.6776    
       219   49.67761       129.9395       64.82518       110.9760       65.63066       114.8590    
       220   46.50243       137.5135       99.28714       70.67614       128.9542       4.202380    
       221   67.00500       137.6418       85.49016      -63.20076       92.22900      -82.12706    
       222   34.91386       171.8533       96.22852       33.36801       92.23860      -9.895010    
       223   65.44375       124.4925       65.27791      -39.29645       57.12470       148.4364    
       224   11.24220       162.3268       8.699964      -119.3393       12.92369       104.0702    
       225   11.99625       168.2553       4.051210       159.7101       5.735058       118.7763    
       226   10.69233       167.8778       7.584049      -19.35880       5.222012       164.8941    
       227   3.142146       175.4542       7.142614      -135.8290       21.91344       32.25330    
       228   4.276620      -174.1409       18.94174      -62.29849       65.74085      -77.69093    
       229   16.64398       155.1162       65.68829      -23.85604       107.8832      -43.29026    
       230   51.33303      -178.3848       103.4867      -19.76660       148.5167       7.511827    
       231   64.25642       139.4286       97.89158       49.39030       121.7000       50.40603    
       232   49.79951       170.1293       92.65773       9.971600       77.79952      -81.78032    
       233   43.21231      -179.9099       36.47782      -116.1211       27.26455      -147.1551    
       234   32.95332       173.7209       23.25257      -103.5139       31.43079       11.99416    
       235   14.44833       168.7978       9.818756       140.7632       8.041014       129.2152    
       236   8.485469       170.2119       13.65956       21.81008       27.88378       70.02923    
       237   5.397067      -173.2130       19.76309       2.608449       22.40432      -97.03018    
       238   14.37798       160.5219       17.71879      -76.59812       21.47739       67.30354    
       239   9.440773      -177.4065       8.437580      -132.1913       64.82437      -3.638902    
       240   7.152450       169.0928       58.07337       13.88597       113.8901      -40.98186    
       241   56.54636       153.7120       116.0391      -33.97334       171.4680      -8.600473    
       242   64.80614      -114.7099       123.9836      -17.20602       123.9691      -34.94229    
       243   61.24606      -139.9044       59.27871      -97.79342       56.96400       127.0799    
       244   16.98298       146.3804       7.688322      -164.0469       11.91859      -121.4268    
       245   22.85259       143.7055       27.04003      -10.93572       39.86209       42.45166    
       246   4.331444      -175.4186       17.48980       18.56133       7.000761      -152.1561    
       247   13.17122       162.9131       3.600243      -155.6632       3.814898      -174.0545    
       248   11.61124       166.0787       12.24438      -20.37827       33.43021       102.1702    
       249  0.8249237      -179.4149       27.43292       79.95963       27.31442      -117.3255    
       250   26.83074       176.9058       26.72127      -133.9753       13.01671       179.2988    
       251   31.80433       173.3099       37.13484      -114.8475       25.68165      -164.4496    
       252   37.02224       168.1217       45.75744      -84.36444       47.89689       21.58615    
       253   42.32986       138.0648       43.93215      -102.6832       25.97826       149.9366    
       254   20.63707       172.9386       39.85626      -148.2189       51.21293      -101.3272    
       255   37.58148       166.6894       53.77200      -46.82455       54.64604       59.29394    
       256   33.58179       175.4551       53.58144      -111.0728       70.12288      -79.01617    
       257   47.69998       175.7127       85.55238       29.02307       79.36580      -11.98023    
       258   60.12596       136.0095       60.81671      -86.11733       0.000000       0.000000    
       259   15.99537       166.9277       0.000000       0.000000       0.000000       0.000000    
# Analysis group     2 (Ref.: Mol.      4 / Res.    781-   904):
       781   21.90231       168.4596       21.23695      -147.9150       56.05616       65.67977    
       782   17.32040       175.2012       60.02103       57.26416       99.22161       5.260712    
       783   44.40929       149.4602       85.31181       17.91686       145.1333      -17.31032    
       784   50.66852       157.6071       117.1841       33.52756       119.9701      -11.09909    
       785   67.52227       114.1493       74.85296      -7.107594       58.63492       154.7287    
       786   16.12348       169.1893       10.19606      -144.3627       41.07777       155.2549    
       787   18.62504       165.7616       45.97985      -123.3717       28.86076      -81.52686    
       788   50.89695       165.5453       36.85623      -94.45471       48.54177       100.5914    
       789   17.41489       163.1267       40.88336      -120.4021       48.06411      -31.10462    
       790   46.27671       169.5348       50.53051      -19.58812       84.13601       50.41338    
       791   9.286386       179.6661       54.86615       1.683684       115.9234      -21.44315    
       792   45.68335       170.6851       110.8176       11.48199       104.3728      -54.46270    
       793   78.26861       107.2791       93.86686      -57.47316       62.45584      -163.1192    
       794   32.76810       179.1845       26.32454      -130.2318       18.89922       132.8131    
       795   32.20165       170.6139       23.65697      -138.4757       5.182590      -165.7646    
       796   37.57755       169.5602       35.78828      -85.66263       36.08539       68.17520    
       797   20.50771       175.5320       3.402976      -176.6518       36.31776       72.91314    
       798   17.32382       175.7799       22.69701       159.0583       10.69201      -124.3890    
       799   34.12400       144.0672       26.44912      -108.5690       39.33372       85.10010    
       800   13.67829       176.8799       15.12346       171.0414       16.16957      -153.7718    
       801   27.57824       163.6209       21.59116      -127.3504       14.70818       142.3720    
       802   26.95477      -179.8821       20.57779      -146.6128       10.58088       139.9073    
       803   30.44015       158.2681       20.27075      -123.4312       20.09187       153.9344    
       804   27.25443       163.5218       37.86542      -111.0636       79.27798      -43.44353    
       805   39.62063       176.6528       92.97983       47.44757       100.5805      -12.02105    
       806   53.98714       128.6826       66.58947       2.369356       48.88284      -160.6246    
       807   22.39981       154.6426       19.53034      -92.88908       20.49578       93.56686    
       808   17.86474       168.3022       5.465066      -175.2790       14.28867       91.12330    
       809   12.77867       168.4034       8.738077      -95.75274       19.56264       88.27417    
       810   9.683476       170.4331       8.681329       135.3541       53.83377      -169.7089    
       811   18.32800       148.9396       54.55426      -80.34972       48.93213      -103.7150    
       812   55.11696       146.7040       63.75814      -80.77421       46.68359      -151.5242    
       813   42.64660       177.0182       25.99669      -124.9033       43.48281       132.6643    
       814   22.00449       169.4618       68.98716       31.52079       130.3725      -32.16824    
       815   64.74276       130.3474       132.5725      -6.817808       150.7469      -28.19669    
       816   67.85630      -104.0845       105.6434      -38.52453       71.93508      -103.0457    
       817   46.68271       123.0591       54.98740      -90.36103       41.16807      -118.2215    
       818   45.32871       175.5833       34.77179      -99.80862       44.91529       27.92713    
       819   15.10942       172.2476       2.003881       177.3919       52.88647       107.2906    
       820   13.76114       167.6040       51.72190      -94.46186       39.31921      -91.97280    
       821   51.66916       168.3570       47.95010      -97.18068       49.13321      -38.83903    
       822   29.76718      -179.0010       18.11208      -109.6825       54.29832       65.42848    
       823   11.79826       162.6767       43.13697      -102.4861       37.10640      -53.45007    
       824   44.78541       176.2960       38.78936      -68.98338       45.04247      -32.39035    
       825   6.125168       172.3398       4.950306      -140.3673       57.10496       60.39020    
       826   7.220294       171.0167       56.31054       8.314070       46.60744      -74.39522    
       827   52.19949       106.2583       45.41647      -110.3349       55.50655      -72.82504    
       828   20.99365      -176.3147       26.95919      -55.20944       82.73702       42.03901    
       829   11.35166       173.0980       72.96729       27.91492       130.9733       14.90213    
       830   61.67927       142.4125       119.9052       33.31552       122.9485      -5.734021    
       831   58.50415       125.4712       65.80635       17.84145       34.20790      -154.6824    
       832   16.83104       157.1032       37.10215      -71.56806       31.67039      -140.5783    
       833   35.85817       163.7411       48.27653      -105.9887       97.53380      -23.52831    
       834   49.10476       148.4563       99.31401       62.37767       77.58377       96.69820    
       835   52.80513       127.3792       62.02143       116.7430       40.20142       147.8927    
       836   50.47132       131.8337       91.31964       88.27834       111.5214       59.62856    
       837   75.33436       104.7013       105.3584      -6.759787       97.58330       98.73465    
       838   30.04749      -149.3986       28.83013       148.4225       46.22149       10.11854    
       839   20.93119       166.9626       25.67430      -93.35195       21.54645       158.5905    
       840   18.43565      -178.7295       36.11418       166.8497       45.55785       4.510510    
       841   46.56106       144.9115       54.18414       12.56691       69.12851       23.53950    
       842   9.928901       178.2763       24.39407      -3.338444       40.13992      -10.65528    
       843   15.21805       170.5964       30.61066       6.270726       43.45755       6.452906    
       844   15.85594      -174.6403       28.28952      -31.49480       26.71275      -106.3931    
       845   14.53922       158.7505       13.35487      -94.35189       22.09161       89.71660    
       846   1.949786       178.9766       11.00366       80.67726       5.315516      -170.0873    
       847   12.65859       169.9032       4.742682      -164.8308       10.78525      -98.52294    
       848   15.02411       174.3001       22.69073      -34.47533       19.01641      -85.07207    
       849   7.730817      -174.0610       18.78697      -121.4102       47.54057      -103.5666    
       850   21.94994       174.0090       52.90595      -18.46101       79.71556      -3.619821    
       851   31.80721       173.6019       58.24334       10.38785       48.18350       4.549756    
       852   26.88913       176.5651       18.00042       177.2548       28.85046      -78.14079    
       853   10.71645       179.0646       3.549587       169.7987       21.08649      -77.82537    
       854   13.79182       179.9179       14.91605       150.6019       60.84922       116.1017    
       855   24.53827      -135.8123       72.16196      -4.412098       58.24723      -86.54427    
       856   47.62735       147.6473       40.97526      -108.5813       40.68230      -85.73608    
       857   37.32149       178.2333       30.18484      -77.93805       51.83847       59.34226    
       858   7.167527       170.3762       30.41659      -116.5069       34.39999      -126.2922    
       859   32.20910      -177.6236       41.54629      -120.5225       51.30525      -48.30360    
       860   39.80993      -177.4800       44.38308      -26.72222       15.29342       154.5596    
       861   10.24142       179.4587       37.81318       127.7072       67.83842       53.18656    
       862   38.44672      -147.8253       67.29765      -18.63420       83.87753      -6.293590    
       863   30.07930       148.8470       45.50448       16.79984       67.11880       25.94875    
       864   18.40299      -162.2616       40.49381      -25.94525       39.75549      -28.08740    
       865   22.46053       171.9734       21.43255      -10.53516       40.41135       118.5530    
       866   4.222752       176.1886       58.68969       97.43466       55.11336       24.65364    
       867   55.95142       135.1375       51.93700      -107.7272       9.687877       179.9537    
       868   12.89931       161.9264       46.78530      -58.17504       64.56728      -91.44304    
       869   42.49327      -176.9962       72.07218      -85.86754       28.83535      -161.5602    
       870   50.97676      -145.5735       28.41179      -142.3355       15.64839       155.0020    
       871   44.25434       179.2505       46.58714      -108.2696       11.87506       169.2858    
       872   37.76883      -169.6743       34.42151      -135.5963       23.69002      -112.2608    
       873   42.38745       173.0012       28.88894      -110.9262       47.61393       86.95332    
       874   16.16952       169.7673       32.91779      -135.4217       23.65118      -111.1031    
       875   40.45635      -174.5159       37.17247      -103.9027       43.33088      -1.918385    
       876   17.27061      -173.9381       10.38255      -164.2524       103.4318      -171.0605    
       877   10.10155       167.2194       117.5600       48.69449       99.02072      -59.21213    
       878   113.6938      -19.67786       89.84439      -94.19977       55.89685       166.0901    
       879   48.25395       173.1403       58.23305      -99.34281       29.07648      -140.4826    
       880   50.81022       163.4870       64.63367      -83.28205       26.90953      -171.9871    
       881   44.80046       177.2988       31.83017      -127.7321       15.15993      -178.6845    
       882   40.23317       166.0196       33.28583      -100.9792       33.16372       122.7011    
       883   20.83889       177.1647       35.79611      -163.6220       21.19217      -118.9430    
       884   46.68410       158.6604       40.59760      -94.05583       9.345956      -172.0951    
       885   26.33556       167.8886       47.92843      -92.54014       18.71814      -147.9886    
       886   38.74926       177.7702       34.11901      -123.9768       70.13561      -152.1128    
       887   38.80585       169.8458       100.0578       45.09102       115.6149      -9.349360    
       888   65.29510       119.0935       87.15706       3.936417       47.37367      -132.8556    
       889   26.10925       175.3009       49.61115      -153.2277       51.39159      -96.64828    
       890   56.88781       150.3668       73.55742      -69.30305       87.01996      -46.98912    
       891   40.08974      -169.4384       53.42219      -37.29368       69.05850     -0.5595587    
       892   17.52297       179.5829       31.19474      -64.03046       47.69893      -38.67911    
       893   17.31059       175.6151       36.28351       16.25610       66.56007       38.89584    
       894   21.19210       176.1352       53.45027       45.65102       55.89439      -77.36183    
       895   36.04950       170.7706       39.03051      -103.4705       18.41414       168.2600    
       896   31.49530      -170.2393       40.75013      -149.5754       54.49754       162.8290    
       897   41.40675       172.2046       82.88687       31.55395       65.73056      -28.65052    
       898   64.07392       137.0022       52.01647       170.3267       33.23581       143.9327    
       899   18.95320       160.0896       46.99404      -39.18788       28.38166      -133.4476    
       900   41.09244       176.1181       36.75080      -120.9982       27.89715      -133.7229    
       901   42.05918       161.4554       41.65950      -78.01649       47.15958       86.51880    
       902   19.58490       167.7051       27.79813      -163.4535       0.000000       0.000000    
       903   30.95099       170.2661       0.000000       0.000000       0.000000       0.000000    
